# imodfit> Score file
# Iter       score cross.corr. Delta_Score D_Score_Avg
     0  7.9700e-01  2.0300e-01
    20  7.9685e-01  2.0315e-01  4.3213e-05  0.0000e+00
    40  7.9668e-01  2.0332e-01  0.0000e+00  0.0000e+00
    60  7.9649e-01  2.0351e-01  0.0000e+00  0.0000e+00
    80  7.9636e-01  2.0364e-01  0.0000e+00  0.0000e+00
   100  7.9626e-01  2.0374e-01  1.1683e-05  0.0000e+00
   120  7.9610e-01  2.0390e-01  0.0000e+00  0.0000e+00
   140  7.9600e-01  2.0400e-01  1.9073e-05  0.0000e+00
   160  7.9584e-01  2.0416e-01  4.1723e-06  0.0000e+00
   180  7.9577e-01  2.0423e-01  0.0000e+00  0.0000e+00
   200  7.9133e-01  2.0867e-01  5.0664e-06  0.0000e+00
   220  7.9125e-01  2.0875e-01  1.4603e-05  0.0000e+00
   240  7.9123e-01  2.0877e-01  0.0000e+00  0.0000e+00
   260  7.9117e-01  2.0883e-01  0.0000e+00  0.0000e+00
   280  7.9115e-01  2.0885e-01  1.0729e-06  0.0000e+00
   300  7.9112e-01  2.0888e-01  1.4305e-06  0.0000e+00
   320  7.9105e-01  2.0895e-01  0.0000e+00  0.0000e+00
   340  7.9102e-01  2.0898e-01  3.5763e-07  0.0000e+00
   360  7.9101e-01  2.0899e-01  1.8477e-06  0.0000e+00
   380  7.9097e-01  2.0903e-01  1.2279e-05  0.0000e+00
   400  7.9083e-01  2.0917e-01  5.9605e-08  0.0000e+00
   420  7.9079e-01  2.0921e-01  0.0000e+00  0.0000e+00
   440  7.9077e-01  2.0923e-01  0.0000e+00  0.0000e+00
   460  7.9074e-01  2.0926e-01  0.0000e+00  0.0000e+00
   480  7.9072e-01  2.0928e-01  1.0133e-06  0.0000e+00
   500  7.9068e-01  2.0932e-01  0.0000e+00  0.0000e+00
   520  7.9066e-01  2.0934e-01  0.0000e+00  0.0000e+00
   540  7.9061e-01  2.0939e-01  6.5565e-07  0.0000e+00
   560  7.9059e-01  2.0941e-01  0.0000e+00  0.0000e+00
   580  7.9055e-01  2.0945e-01  0.0000e+00  0.0000e+00
   600  7.9050e-01  2.0950e-01  0.0000e+00  0.0000e+00
   620  7.9046e-01  2.0954e-01  4.4107e-06  0.0000e+00
   640  7.9042e-01  2.0958e-01  0.0000e+00  0.0000e+00
   660  7.9040e-01  2.0960e-01  2.1458e-06  0.0000e+00
   680  7.9038e-01  2.0962e-01  7.0930e-06  0.0000e+00
   700  7.9036e-01  2.0964e-01  0.0000e+00  0.0000e+00
   720  7.9034e-01  2.0966e-01  0.0000e+00  0.0000e+00
   740  7.9033e-01  2.0967e-01  4.0531e-06  0.0000e+00
   760  7.9030e-01  2.0970e-01  1.1921e-07  0.0000e+00
   780  7.9028e-01  2.0972e-01  0.0000e+00  0.0000e+00
   800  7.9026e-01  2.0974e-01  8.9407e-07  0.0000e+00
   820  7.9025e-01  2.0975e-01  6.4373e-06  0.0000e+00
   840  7.9024e-01  2.0976e-01  1.5318e-05  0.0000e+00
   860  7.9023e-01  2.0977e-01  2.9802e-07  0.0000e+00
   880  7.9020e-01  2.0980e-01  0.0000e+00  0.0000e+00
   900  7.9019e-01  2.0981e-01  4.1723e-07  0.0000e+00
   920  7.9016e-01  2.0984e-01  5.0068e-06  0.0000e+00
   940  7.9014e-01  2.0986e-01  0.0000e+00  0.0000e+00
   960  7.9013e-01  2.0987e-01  2.9802e-07  0.0000e+00
   980  7.9010e-01  2.0990e-01  1.7881e-07  0.0000e+00
  1000  7.9008e-01  2.0992e-01  0.0000e+00  0.0000e+00
  1020  7.9007e-01  2.0993e-01  0.0000e+00  0.0000e+00
  1040  7.9005e-01  2.0995e-01  7.1526e-07  0.0000e+00
  1060  7.9004e-01  2.0996e-01  2.9802e-07  0.0000e+00
  1080  7.9000e-01  2.1000e-01  0.0000e+00  0.0000e+00
  1100  7.8998e-01  2.1002e-01  8.4639e-06  0.0000e+00
  1120  7.8995e-01  2.1005e-01  5.3644e-06  0.0000e+00
  1140  7.8994e-01  2.1006e-01  0.0000e+00  0.0000e+00
  1160  7.8990e-01  2.1010e-01  2.9802e-07  0.0000e+00
  1180  7.8989e-01  2.1011e-01  0.0000e+00  0.0000e+00
  1200  7.8986e-01  2.1014e-01  0.0000e+00  0.0000e+00
  1220  7.8984e-01  2.1016e-01  1.1921e-07  0.0000e+00
  1240  7.8983e-01  2.1017e-01  2.3842e-07  0.0000e+00
  1260  7.8982e-01  2.1018e-01  2.9802e-06  0.0000e+00
  1280  7.8981e-01  2.1019e-01  3.5763e-06  0.0000e+00
  1300  7.8978e-01  2.1022e-01  0.0000e+00  0.0000e+00
  1320  7.8975e-01  2.1025e-01  9.8944e-06  0.0000e+00
  1340  7.8974e-01  2.1026e-01  0.0000e+00  0.0000e+00
  1360  7.8973e-01  2.1027e-01  0.0000e+00  0.0000e+00
  1380  7.8970e-01  2.1030e-01  0.0000e+00  0.0000e+00
  1400  7.8967e-01  2.1033e-01  6.7949e-06  0.0000e+00
  1420  7.8966e-01  2.1034e-01  0.0000e+00  0.0000e+00
  1440  7.8961e-01  2.1039e-01  0.0000e+00  0.0000e+00
  1460  7.8960e-01  2.1040e-01  0.0000e+00  0.0000e+00
  1480  7.8959e-01  2.1041e-01  1.4901e-06  0.0000e+00
  1500  7.8957e-01  2.1043e-01  6.4373e-06  0.0000e+00
  1520  7.8956e-01  2.1044e-01  0.0000e+00  0.0000e+00
  1540  7.8952e-01  2.1048e-01  0.0000e+00  0.0000e+00
  1560  7.8950e-01  2.1050e-01  0.0000e+00  0.0000e+00
  1580  7.8949e-01  2.1051e-01  1.9670e-06  0.0000e+00
  1600  7.8947e-01  2.1053e-01  4.7684e-07  0.0000e+00
  1620  7.8945e-01  2.1055e-01  4.1127e-06  0.0000e+00
  1640  7.8943e-01  2.1057e-01  0.0000e+00  0.0000e+00
  1660  7.8942e-01  2.1058e-01  0.0000e+00  0.0000e+00
  1680  7.8941e-01  2.1059e-01  3.5763e-07  0.0000e+00
  1700  7.8938e-01  2.1062e-01  0.0000e+00  0.0000e+00
  1720  7.8938e-01  2.1062e-01  8.3447e-07  0.0000e+00
  1740  7.8934e-01  2.1066e-01  0.0000e+00  0.0000e+00
  1760  7.8933e-01  2.1067e-01  5.9605e-08  0.0000e+00
  1780  7.8930e-01  2.1070e-01  0.0000e+00  0.0000e+00
  1800  7.8928e-01  2.1072e-01  0.0000e+00  0.0000e+00
  1820  7.8926e-01  2.1074e-01  1.7881e-07  0.0000e+00
  1840  7.8924e-01  2.1076e-01  2.6822e-06  0.0000e+00
  1860  7.8922e-01  2.1078e-01  2.1458e-06  0.0000e+00
  1880  7.8920e-01  2.1080e-01  0.0000e+00  0.0000e+00
  1900  7.8918e-01  2.1082e-01  0.0000e+00  0.0000e+00
  1920  7.8915e-01  2.1085e-01  1.7285e-06  0.0000e+00
  1940  7.8914e-01  2.1086e-01  5.9605e-08  0.0000e+00
  1960  7.8913e-01  2.1087e-01  0.0000e+00  0.0000e+00
  1980  7.8911e-01  2.1089e-01  0.0000e+00  0.0000e+00
  2000  7.8910e-01  2.1090e-01  1.8477e-06  0.0000e+00
  2020  7.8904e-01  2.1096e-01  0.0000e+00  2.0269e-03
  2040  7.8898e-01  2.1102e-01  1.0133e-06  1.9137e-03
  2060  7.8894e-01  2.1106e-01  2.6822e-06  1.8041e-03
  2080  7.8891e-01  2.1109e-01  6.7949e-06  1.6977e-03
  2100  7.8890e-01  2.1110e-01  1.6093e-06  1.5928e-03
  2120  7.8886e-01  2.1114e-01  1.1325e-06  1.4896e-03
  2140  7.8884e-01  2.1116e-01  5.1260e-06  1.3891e-03
  2160  7.8883e-01  2.1117e-01  8.9407e-07  1.2907e-03
  2180  7.8881e-01  2.1119e-01  5.3644e-07  1.1941e-03
  2200  7.8879e-01  2.1121e-01  3.3975e-06  1.0989e-03
  2220  7.8879e-01  2.1121e-01  1.4305e-06  1.0911e-03
  2240  7.8876e-01  2.1124e-01  0.0000e+00  1.0841e-03
  2260  7.8874e-01  2.1126e-01  2.4438e-06  1.0782e-03
  2280  7.8871e-01  2.1129e-01  4.7684e-07  1.0725e-03
  2300  7.8870e-01  2.1130e-01  1.7881e-07  1.0675e-03
  2320  7.8869e-01  2.1131e-01  0.0000e+00  1.0628e-03
  2340  7.8869e-01  2.1131e-01  1.0133e-06  1.0584e-03
  2360  7.8866e-01  2.1134e-01  0.0000e+00  1.0542e-03
  2380  7.8864e-01  2.1136e-01  0.0000e+00  1.0498e-03
  2400  7.8862e-01  2.1138e-01  1.4305e-06  1.0462e-03
  2420  7.8861e-01  2.1139e-01  2.9802e-07  1.0450e-03
  2440  7.8860e-01  2.1140e-01  2.1458e-06  1.0429e-03
  2460  7.8859e-01  2.1141e-01  0.0000e+00  1.0403e-03
  2480  7.8858e-01  2.1142e-01  1.3709e-06  1.0380e-03
  2500  7.8854e-01  2.1146e-01  0.0000e+00  1.0356e-03
  2520  7.8851e-01  2.1149e-01  8.9407e-07  1.0346e-03
  2540  7.8847e-01  2.1153e-01  9.5367e-07  1.0340e-03
  2560  7.8844e-01  2.1156e-01  0.0000e+00  1.0340e-03
  2580  7.8841e-01  2.1159e-01  7.1526e-07  1.0340e-03
  2600  7.8838e-01  2.1162e-01  0.0000e+00  1.0345e-03
  2620  7.8836e-01  2.1164e-01  5.1856e-06  1.0357e-03
  2640  7.8835e-01  2.1165e-01  1.1921e-07  1.0369e-03
  2660  7.8833e-01  2.1167e-01  0.0000e+00  1.0386e-03
  2680  7.8832e-01  2.1168e-01  1.7285e-06  1.0409e-03
  2700  7.8830e-01  2.1170e-01  0.0000e+00  1.0433e-03
  2720  7.8826e-01  2.1174e-01  3.5763e-07  1.0461e-03
  2740  7.8824e-01  2.1176e-01  8.1658e-06  1.0492e-03
  2760  7.8822e-01  2.1178e-01  1.7881e-07  1.0520e-03
  2780  7.8819e-01  2.1181e-01  2.9802e-07  1.0547e-03
  2800  7.8816e-01  2.1184e-01  0.0000e+00  1.0583e-03
  2820  7.8815e-01  2.1185e-01  1.1921e-07  1.0611e-03
  2840  7.8812e-01  2.1188e-01  8.3447e-07  1.0635e-03
  2860  7.8810e-01  2.1190e-01  0.0000e+00  1.0659e-03
  2880  7.8809e-01  2.1191e-01  1.5497e-06  1.0683e-03
  2900  7.8807e-01  2.1193e-01  5.9605e-08  1.0707e-03
  2920  7.8806e-01  2.1194e-01  0.0000e+00  1.0719e-03
  2940  7.8805e-01  2.1195e-01  3.8147e-06  1.0731e-03
  2960  7.8804e-01  2.1196e-01  1.6093e-06  1.0743e-03
  2980  7.8802e-01  2.1198e-01  1.1921e-07  1.0755e-03
  3000  7.8799e-01  2.1201e-01  4.2319e-06  1.0778e-03
  3020  7.8798e-01  2.1202e-01  1.1921e-07  1.0797e-03
  3040  7.8798e-01  2.1202e-01  0.0000e+00  1.0790e-03
  3060  7.8796e-01  2.1204e-01  0.0000e+00  1.0774e-03
  3080  7.8795e-01  2.1205e-01  8.3447e-07  1.0750e-03
  3100  7.8793e-01  2.1207e-01  9.8348e-06  1.0726e-03
  3120  7.8792e-01  2.1208e-01  5.3644e-07  1.0703e-03
  3140  7.8791e-01  2.1209e-01  1.3113e-06  1.0679e-03
  3160  7.8788e-01  2.1212e-01  0.0000e+00  1.0655e-03
  3180  7.8787e-01  2.1213e-01  1.1921e-07  1.0631e-03
  3200  7.8785e-01  2.1215e-01  1.1921e-07  1.0607e-03
  3220  7.8783e-01  2.1217e-01  0.0000e+00  1.0583e-03
  3240  7.8782e-01  2.1218e-01  1.7881e-07  1.0560e-03
  3260  7.8781e-01  2.1219e-01  0.0000e+00  1.0535e-03
  3280  7.8780e-01  2.1220e-01  0.0000e+00  1.0502e-03
  3300  7.8779e-01  2.1221e-01  0.0000e+00  1.0467e-03
  3320  7.8778e-01  2.1222e-01  0.0000e+00  1.0431e-03
  3340  7.8776e-01  2.1224e-01  0.0000e+00  1.0399e-03
  3360  7.8774e-01  2.1226e-01  0.0000e+00  1.0374e-03
  3380  7.8773e-01  2.1227e-01  0.0000e+00  1.0338e-03
  3400  7.8771e-01  2.1229e-01  8.3447e-07  1.0303e-03
  3420  7.8769e-01  2.1231e-01  0.0000e+00  1.0267e-03
  3440  7.8767e-01  2.1233e-01  8.8811e-06  1.0251e-03
  3460  7.8766e-01  2.1234e-01  5.3644e-07  1.0239e-03
  3480  7.8766e-01  2.1234e-01  2.3842e-07  1.0227e-03
  3500  7.8765e-01  2.1235e-01  2.9802e-07  1.0204e-03
  3520  7.8764e-01  2.1236e-01  0.0000e+00  1.0176e-03
  3540  7.8764e-01  2.1236e-01  0.0000e+00  1.0132e-03
  3560  7.8763e-01  2.1237e-01  8.9407e-07  1.0085e-03
  3580  7.8762e-01  2.1238e-01  9.5367e-07  1.0027e-03
  3600  7.8761e-01  2.1239e-01  0.0000e+00  9.9671e-04
  3620  7.8761e-01  2.1239e-01  5.9605e-08  9.9075e-04
  3640  7.8760e-01  2.1240e-01  2.3842e-07  9.8479e-04
  3660  7.8759e-01  2.1241e-01  0.0000e+00  9.7817e-04
  3680  7.8759e-01  2.1241e-01  1.7881e-07  9.7102e-04
  3700  7.8757e-01  2.1243e-01  5.9605e-07  9.6434e-04
  3720  7.8756e-01  2.1244e-01  1.1921e-07  9.5671e-04
  3740  7.8756e-01  2.1244e-01  1.1921e-07  9.4849e-04
  3760  7.8755e-01  2.1245e-01  0.0000e+00  9.3907e-04
  3780  7.8754e-01  2.1246e-01  3.5763e-07  9.3007e-04
  3800  7.8753e-01  2.1247e-01  7.1526e-07  9.2053e-04
  3820  7.8753e-01  2.1247e-01  0.0000e+00  9.0998e-04
  3840  7.8753e-01  2.1247e-01  2.9802e-07  8.9926e-04
  3860  7.8752e-01  2.1248e-01  0.0000e+00  8.8853e-04
  3880  7.8751e-01  2.1249e-01  0.0000e+00  8.7780e-04
  3900  7.8749e-01  2.1251e-01  7.1526e-07  8.6707e-04
  3920  7.8749e-01  2.1251e-01  4.7684e-07  8.5747e-04
  3940  7.8748e-01  2.1252e-01  0.0000e+00  8.4776e-04
  3960  7.8746e-01  2.1254e-01  1.0133e-06  8.3745e-04
  3980  7.8745e-01  2.1255e-01  0.0000e+00  8.2791e-04
  4000  7.8743e-01  2.1257e-01  0.0000e+00  8.1742e-04
  4020  7.8742e-01  2.1258e-01  0.0000e+00  8.0734e-04
  4040  7.8741e-01  2.1259e-01  0.0000e+00  7.9888e-04
  4060  7.8740e-01  2.1260e-01  2.8014e-06  7.9012e-04
  4080  7.8740e-01  2.1260e-01  3.5763e-07  7.8177e-04
  4100  7.8738e-01  2.1262e-01  0.0000e+00  7.7343e-04
  4120  7.8738e-01  2.1262e-01  0.0000e+00  7.6509e-04
  4140  7.8737e-01  2.1263e-01  1.8477e-06  7.5674e-04
  4160  7.8737e-01  2.1263e-01  1.7881e-07  7.4840e-04
  4180  7.8736e-01  2.1264e-01  0.0000e+00  7.3969e-04
  4200  7.8736e-01  2.1264e-01  1.4901e-06  7.3016e-04
  4220  7.8734e-01  2.1266e-01  5.9605e-07  7.2062e-04
  4240  7.8734e-01  2.1266e-01  0.0000e+00  7.1108e-04
  4260  7.8733e-01  2.1267e-01  5.9605e-07  7.0167e-04
  4280  7.8732e-01  2.1268e-01  2.3842e-07  6.9296e-04
  4300  7.8731e-01  2.1269e-01  0.0000e+00  6.8462e-04
  4320  7.8731e-01  2.1269e-01  0.0000e+00  6.7627e-04
  4340  7.8730e-01  2.1270e-01  0.0000e+00  6.6757e-04
  4360  7.8730e-01  2.1270e-01  1.1921e-07  6.5750e-04
  4380  7.8730e-01  2.1270e-01  1.1921e-07  6.4796e-04
  4400  7.8729e-01  2.1271e-01  3.3379e-06  6.3843e-04
  4420  7.8728e-01  2.1272e-01  2.5630e-06  6.2889e-04
  4440  7.8727e-01  2.1273e-01  5.9605e-08  6.1834e-04
  4460  7.8727e-01  2.1273e-01  9.5367e-07  6.0761e-04
  4480  7.8726e-01  2.1274e-01  0.0000e+00  5.9688e-04
  4500  7.8725e-01  2.1275e-01  0.0000e+00  5.8728e-04
  4520  7.8725e-01  2.1275e-01  0.0000e+00  5.7775e-04
  4540  7.8724e-01  2.1276e-01  5.9605e-08  5.6928e-04
  4560  7.8724e-01  2.1276e-01  5.9605e-08  5.6094e-04
  4580  7.8724e-01  2.1276e-01  1.1921e-07  5.5289e-04
  4600  7.8724e-01  2.1276e-01  0.0000e+00  5.4455e-04
  4620  7.8723e-01  2.1277e-01  0.0000e+00  5.3620e-04
  4640  7.8722e-01  2.1278e-01  5.9605e-08  5.2786e-04
  4660  7.8722e-01  2.1278e-01  2.3842e-07  5.2017e-04
  4680  7.8720e-01  2.1280e-01  0.0000e+00  5.1302e-04
  4700  7.8719e-01  2.1281e-01  0.0000e+00  5.0539e-04
  4720  7.8719e-01  2.1281e-01  4.1723e-07  4.9824e-04
  4740  7.8718e-01  2.1282e-01  1.3113e-06  4.9120e-04
  4760  7.8718e-01  2.1282e-01  0.0000e+00  4.8524e-04
  4780  7.8716e-01  2.1284e-01  0.0000e+00  4.7928e-04
  4800  7.8716e-01  2.1284e-01  8.9407e-07  4.7332e-04
  4820  7.8714e-01  2.1286e-01  6.5565e-07  4.6885e-04
  4840  7.8714e-01  2.1286e-01  4.1723e-07  4.6527e-04
  4860  7.8714e-01  2.1286e-01  1.1921e-07  4.6098e-04
  4880  7.8712e-01  2.1288e-01  1.6689e-06  4.5621e-04
  4900  7.8712e-01  2.1288e-01  0.0000e+00  4.5145e-04
  4920  7.8711e-01  2.1289e-01  3.5763e-07  4.4668e-04
  4940  7.8711e-01  2.1289e-01  5.9605e-08  4.4209e-04
  4960  7.8710e-01  2.1290e-01  1.0729e-06  4.3809e-04
  4980  7.8710e-01  2.1290e-01  1.9073e-06  4.3333e-04
  5000  7.8710e-01  2.1290e-01  1.4305e-06  4.2903e-04
  5020  7.8709e-01  2.1291e-01  0.0000e+00  4.2343e-04
  5040  7.8709e-01  2.1291e-01  0.0000e+00  4.1747e-04
  5060  7.8707e-01  2.1293e-01  7.1526e-07  4.1246e-04
  5080  7.8707e-01  2.1293e-01  1.1921e-07  4.0883e-04
  5100  7.8705e-01  2.1295e-01  0.0000e+00  4.0501e-04
  5120  7.8705e-01  2.1295e-01  1.1921e-07  4.0144e-04
  5140  7.8704e-01  2.1296e-01  0.0000e+00  3.9786e-04
  5160  7.8704e-01  2.1296e-01  0.0000e+00  3.9428e-04
  5180  7.8704e-01  2.1296e-01  4.7684e-07  3.9071e-04
  5200  7.8703e-01  2.1297e-01  1.7285e-06  3.8713e-04
  5220  7.8702e-01  2.1298e-01  5.9605e-08  3.8397e-04
  5240  7.8702e-01  2.1298e-01  5.9605e-08  3.8040e-04
  5260  7.8702e-01  2.1298e-01  5.9605e-08  3.7682e-04
  5280  7.8702e-01  2.1298e-01  0.0000e+00  3.7324e-04
  5300  7.8701e-01  2.1299e-01  3.5763e-07  3.6967e-04
  5320  7.8701e-01  2.1299e-01  1.7881e-07  3.6609e-04
  5340  7.8700e-01  2.1300e-01  1.1921e-07  3.6252e-04
  5360  7.8700e-01  2.1300e-01  1.1921e-07  3.5954e-04
  5380  7.8699e-01  2.1301e-01  2.3842e-07  3.5715e-04
  5400  7.8699e-01  2.1301e-01  1.7285e-06  3.5477e-04
  5420  7.8699e-01  2.1301e-01  1.7881e-06  3.5238e-04
  5440  7.8697e-01  2.1303e-01  4.1723e-07  3.5000e-04
  5460  7.8696e-01  2.1304e-01  5.3644e-07  3.4761e-04
  5480  7.8696e-01  2.1304e-01  5.9605e-08  3.4523e-04
  5500  7.8695e-01  2.1305e-01  1.7881e-07  3.4285e-04
  5520  7.8695e-01  2.1305e-01  0.0000e+00  3.4046e-04
  5540  7.8694e-01  2.1306e-01  0.0000e+00  3.3808e-04
  5560  7.8694e-01  2.1306e-01  1.1921e-07  3.3569e-04
  5580  7.8693e-01  2.1307e-01  1.1921e-07  3.3402e-04
  5600  7.8693e-01  2.1307e-01  4.0531e-06  3.3283e-04
  5620  7.8693e-01  2.1307e-01  2.0266e-06  3.3164e-04
  5640  7.8693e-01  2.1307e-01  1.9073e-06  3.3045e-04
  5660  7.8693e-01  2.1307e-01  2.6226e-06  3.2926e-04
  5680  7.8693e-01  2.1307e-01  2.3842e-06  3.2806e-04
  5700  7.8693e-01  2.1307e-01  1.6093e-06  3.2568e-04
  5720  7.8693e-01  2.1307e-01  1.9073e-06  3.2330e-04
  5740  7.8693e-01  2.1307e-01  1.6689e-06  3.2091e-04
  5760  7.8693e-01  2.1307e-01  2.2054e-06  3.1853e-04
  5780  7.8693e-01  2.1307e-01  1.7881e-06  3.1614e-04
  5800  7.8693e-01  2.1307e-01  2.1458e-06  3.1376e-04
  5820  7.8693e-01  2.1307e-01  1.6093e-06  3.1108e-04
  5840  7.8693e-01  2.1307e-01  2.5034e-06  3.0684e-04
  5860  7.8693e-01  2.1307e-01  0.0000e+00  3.0285e-04
  5880  7.8692e-01  2.1308e-01  1.1921e-07  2.9927e-04
  5900  7.8692e-01  2.1308e-01  5.9605e-08  2.9570e-04
  5920  7.8692e-01  2.1308e-01  1.1921e-07  2.9212e-04
  5940  7.8692e-01  2.1308e-01  8.3447e-07  2.8855e-04
  5960  7.8691e-01  2.1309e-01  5.9605e-08  2.8497e-04
  5980  7.8691e-01  2.1309e-01  1.1921e-07  2.8139e-04
  6000  7.8690e-01  2.1310e-01  0.0000e+00  2.7782e-04
  6020  7.8690e-01  2.1310e-01  1.7881e-07  2.7525e-04
  6040  7.8689e-01  2.1311e-01  5.9605e-08  2.7287e-04
  6060  7.8689e-01  2.1311e-01  6.5565e-07  2.7031e-04
  6080  7.8688e-01  2.1312e-01  5.9605e-08  2.6679e-04
  6100  7.8688e-01  2.1312e-01  1.1921e-07  2.6345e-04
  6120  7.8688e-01  2.1312e-01  1.1921e-07  2.5988e-04
  6140  7.8687e-01  2.1313e-01  0.0000e+00  2.5630e-04
  6160  7.8687e-01  2.1313e-01  2.3842e-07  2.5272e-04
  6180  7.8687e-01  2.1313e-01  2.3842e-07  2.4951e-04
  6200  7.8686e-01  2.1314e-01  0.0000e+00  2.4712e-04
  6220  7.8686e-01  2.1314e-01  2.3842e-07  2.4432e-04
  6240  7.8686e-01  2.1314e-01  1.1921e-07  2.4194e-04
  6260  7.8685e-01  2.1315e-01  1.1921e-07  2.3955e-04
  6280  7.8685e-01  2.1315e-01  2.3842e-07  2.3717e-04
  6300  7.8685e-01  2.1315e-01  5.9605e-08  2.3478e-04
  6320  7.8685e-01  2.1315e-01  5.9605e-08  2.3240e-04
  6340  7.8685e-01  2.1315e-01  0.0000e+00  2.3001e-04
  6360  7.8684e-01  2.1316e-01  0.0000e+00  2.2763e-04
  6380  7.8684e-01  2.1316e-01  2.9802e-07  2.2513e-04
  6400  7.8684e-01  2.1316e-01  1.3709e-06  2.2155e-04
  6420  7.8684e-01  2.1316e-01  3.5763e-07  2.1803e-04
  6440  7.8683e-01  2.1317e-01  0.0000e+00  2.1476e-04
  6460  7.8683e-01  2.1317e-01  5.9605e-08  2.1118e-04
  6480  7.8683e-01  2.1317e-01  2.9802e-07  2.0760e-04
  6500  7.8683e-01  2.1317e-01  1.1325e-06  2.0403e-04
  6520  7.8682e-01  2.1318e-01  2.3842e-07  2.0045e-04
  6540  7.8682e-01  2.1318e-01  1.1921e-07  1.9687e-04
  6560  7.8682e-01  2.1318e-01  5.9605e-07  1.9330e-04
  6580  7.8682e-01  2.1318e-01  5.9605e-08  1.8972e-04
  6600  7.8681e-01  2.1319e-01  1.7881e-06  1.8615e-04
  6620  7.8681e-01  2.1319e-01  1.6689e-06  1.8257e-04
  6640  7.8681e-01  2.1319e-01  5.3644e-07  1.7899e-04
  6660  7.8681e-01  2.1319e-01  0.0000e+00  1.7542e-04
  6680  7.8680e-01  2.1320e-01  5.9605e-08  1.7184e-04
  6700  7.8680e-01  2.1320e-01  0.0000e+00  1.6946e-04
  6720  7.8679e-01  2.1321e-01  0.0000e+00  1.6707e-04
  6740  7.8679e-01  2.1321e-01  1.1921e-07  1.6469e-04
  6760  7.8679e-01  2.1321e-01  4.1723e-07  1.6230e-04
  6780  7.8679e-01  2.1321e-01  0.0000e+00  1.5992e-04
  6800  7.8678e-01  2.1322e-01  2.1458e-06  1.5777e-04
  6820  7.8678e-01  2.1322e-01  1.3709e-06  1.5658e-04
  6840  7.8678e-01  2.1322e-01  4.5300e-06  1.5604e-04
  6860  7.8678e-01  2.1322e-01  5.9605e-08  1.5587e-04
  6880  7.8678e-01  2.1322e-01  5.9605e-08  1.5467e-04
  6900  7.8677e-01  2.1323e-01  1.1921e-07  1.5348e-04
  6920  7.8677e-01  2.1323e-01  5.9605e-08  1.5265e-04
  6940  7.8676e-01  2.1324e-01  5.9605e-08  1.5265e-04
  6960  7.8676e-01  2.1324e-01  0.0000e+00  1.5265e-04
  6980  7.8675e-01  2.1325e-01  1.1921e-07  1.5265e-04
  7000  7.8674e-01  2.1326e-01  1.3113e-06  1.5265e-04
  7020  7.8674e-01  2.1326e-01  3.9339e-06  1.5265e-04
  7040  7.8674e-01  2.1326e-01  1.3113e-06  1.5265e-04
  7060  7.8673e-01  2.1327e-01  1.1921e-07  1.5265e-04
  7080  7.8673e-01  2.1327e-01  0.0000e+00  1.5265e-04
  7100  7.8673e-01  2.1327e-01  0.0000e+00  1.5265e-04
  7120  7.8673e-01  2.1327e-01  0.0000e+00  1.5265e-04
  7140  7.8673e-01  2.1327e-01  2.9802e-07  1.5265e-04
  7160  7.8672e-01  2.1328e-01  0.0000e+00  1.5146e-04
  7180  7.8672e-01  2.1328e-01  1.7881e-07  1.5116e-04
  7200  7.8672e-01  2.1328e-01  1.4305e-06  1.4997e-04
  7220  7.8672e-01  2.1328e-01  1.6689e-06  1.4877e-04
  7240  7.8672e-01  2.1328e-01  1.6093e-06  1.4758e-04
  7260  7.8672e-01  2.1328e-01  1.5497e-06  1.4639e-04
  7280  7.8671e-01  2.1329e-01  0.0000e+00  1.4520e-04
  7300  7.8671e-01  2.1329e-01  5.9605e-08  1.4400e-04
  7320  7.8671e-01  2.1329e-01  0.0000e+00  1.4281e-04
  7340  7.8671e-01  2.1329e-01  4.4107e-06  1.4162e-04
  7360  7.8671e-01  2.1329e-01  0.0000e+00  1.4043e-04
  7380  7.8670e-01  2.1330e-01  1.1921e-07  1.3936e-04
  7400  7.8670e-01  2.1330e-01  0.0000e+00  1.3936e-04
  7420  7.8669e-01  2.1331e-01  5.3644e-07  1.3930e-04
  7440  7.8669e-01  2.1331e-01  0.0000e+00  1.3900e-04
  7460  7.8669e-01  2.1331e-01  0.0000e+00  1.3900e-04
  7480  7.8669e-01  2.1331e-01  0.0000e+00  1.3900e-04
  7500  7.8669e-01  2.1331e-01  5.9605e-08  1.3900e-04
  7520  7.8669e-01  2.1331e-01  5.9605e-08  1.3900e-04
  7540  7.8668e-01  2.1332e-01  0.0000e+00  1.3900e-04
  7560  7.8668e-01  2.1332e-01  0.0000e+00  1.3900e-04
  7580  7.8668e-01  2.1332e-01  0.0000e+00  1.3900e-04
  7600  7.8668e-01  2.1332e-01  1.1921e-07  1.3900e-04
  7620  7.8667e-01  2.1333e-01  0.0000e+00  1.3900e-04
  7640  7.8667e-01  2.1333e-01  4.7684e-07  1.3900e-04
  7660  7.8667e-01  2.1333e-01  5.9605e-08  1.3900e-04
  7680  7.8667e-01  2.1333e-01  5.9605e-08  1.3900e-04
  7700  7.8667e-01  2.1333e-01  0.0000e+00  1.3900e-04
  7720  7.8667e-01  2.1333e-01  5.9605e-08  1.3900e-04
  7740  7.8667e-01  2.1333e-01  5.9605e-08  1.3900e-04
  7760  7.8666e-01  2.1334e-01  0.0000e+00  1.3900e-04
  7780  7.8665e-01  2.1335e-01  0.0000e+00  1.3900e-04
  7800  7.8665e-01  2.1335e-01  1.1921e-07  1.3876e-04
  7820  7.8665e-01  2.1335e-01  2.9802e-07  1.3757e-04
  7840  7.8664e-01  2.1336e-01  0.0000e+00  1.3638e-04
  7860  7.8664e-01  2.1336e-01  0.0000e+00  1.3536e-04
  7880  7.8664e-01  2.1336e-01  1.7881e-07  1.3536e-04
  7900  7.8664e-01  2.1336e-01  0.0000e+00  1.3536e-04
  7920  7.8664e-01  2.1336e-01  1.6689e-06  1.3500e-04
  7940  7.8664e-01  2.1336e-01  5.9605e-08  1.3381e-04
  7960  7.8663e-01  2.1337e-01  2.6226e-06  1.3262e-04
  7980  7.8663e-01  2.1337e-01  2.3842e-07  1.3143e-04
  8000  7.8663e-01  2.1337e-01  2.1458e-06  1.3024e-04
  8020  7.8663e-01  2.1337e-01  0.0000e+00  1.2904e-04
  8040  7.8663e-01  2.1337e-01  2.3842e-07  1.2785e-04
  8060  7.8663e-01  2.1337e-01  0.0000e+00  1.2666e-04
  8080  7.8663e-01  2.1337e-01  5.9605e-08  1.2547e-04
  8100  7.8663e-01  2.1337e-01  0.0000e+00  1.2428e-04
  8120  7.8663e-01  2.1337e-01  5.9605e-08  1.2308e-04
  8140  7.8663e-01  2.1337e-01  0.0000e+00  1.2189e-04
  8160  7.8663e-01  2.1337e-01  1.1921e-07  1.2189e-04
  8180  7.8662e-01  2.1338e-01  1.7881e-07  1.2100e-04
  8200  7.8662e-01  2.1338e-01  3.5763e-07  1.2100e-04
  8220  7.8662e-01  2.1338e-01  0.0000e+00  1.2100e-04
  8240  7.8662e-01  2.1338e-01  5.9605e-08  1.2100e-04
  8260  7.8662e-01  2.1338e-01  5.9605e-08  1.2100e-04
  8280  7.8662e-01  2.1338e-01  5.9605e-08  1.2100e-04
  8300  7.8662e-01  2.1338e-01  5.9605e-08  1.2100e-04
  8320  7.8662e-01  2.1338e-01  2.3842e-07  1.2100e-04
  8340  7.8662e-01  2.1338e-01  0.0000e+00  1.2100e-04
  8360  7.8662e-01  2.1338e-01  2.3842e-07  1.2100e-04
  8380  7.8661e-01  2.1339e-01  0.0000e+00  1.2064e-04
  8400  7.8661e-01  2.1339e-01  5.9605e-08  1.2064e-04
  8420  7.8661e-01  2.1339e-01  1.1921e-07  1.1945e-04
  8440  7.8661e-01  2.1339e-01  0.0000e+00  1.1826e-04
  8460  7.8661e-01  2.1339e-01  1.1921e-07  1.1706e-04
  8480  7.8661e-01  2.1339e-01  1.1921e-07  1.1587e-04
  8500  7.8660e-01  2.1340e-01  3.5763e-07  1.1468e-04
  8520  7.8660e-01  2.1340e-01  0.0000e+00  1.1349e-04
  8540  7.8659e-01  2.1341e-01  0.0000e+00  1.1331e-04
  8560  7.8659e-01  2.1341e-01  0.0000e+00  1.1331e-04
  8580  7.8659e-01  2.1341e-01  5.9605e-08  1.1331e-04
  8600  7.8659e-01  2.1341e-01  2.9802e-07  1.1331e-04
  8620  7.8659e-01  2.1341e-01  1.1921e-07  1.1241e-04
  8640  7.8659e-01  2.1341e-01  2.3842e-07  1.1122e-04
  8660  7.8659e-01  2.1341e-01  0.0000e+00  1.1003e-04
  8680  7.8659e-01  2.1341e-01  1.7881e-07  1.0884e-04
  8700  7.8658e-01  2.1342e-01  5.9605e-08  1.0765e-04
  8720  7.8658e-01  2.1342e-01  2.3842e-07  1.0729e-04
  8740  7.8657e-01  2.1343e-01  0.0000e+00  1.0729e-04
  8760  7.8656e-01  2.1344e-01  0.0000e+00  1.0729e-04
  8780  7.8656e-01  2.1344e-01  5.9605e-08  1.0729e-04
  8800  7.8656e-01  2.1344e-01  1.7881e-07  1.0729e-04
  8820  7.8655e-01  2.1345e-01  1.1921e-07  1.0729e-04
  8840  7.8655e-01  2.1345e-01  0.0000e+00  1.0729e-04
  8860  7.8655e-01  2.1345e-01  1.6093e-06  1.0729e-04
  8880  7.8654e-01  2.1346e-01  0.0000e+00  1.0729e-04
  8900  7.8654e-01  2.1346e-01  1.1921e-07  1.0729e-04
  8920  7.8654e-01  2.1346e-01  3.5763e-07  1.0729e-04
  8940  7.8653e-01  2.1347e-01  0.0000e+00  1.0729e-04
  8960  7.8653e-01  2.1347e-01  2.3842e-07  1.0729e-04
  8980  7.8653e-01  2.1347e-01  1.7881e-07  1.0729e-04
  9000  7.8653e-01  2.1347e-01  8.9407e-07  1.0729e-04
  9020  7.8652e-01  2.1348e-01  7.1526e-07  1.0729e-04
  9040  7.8651e-01  2.1349e-01  5.9605e-08  1.0729e-04
  9060  7.8651e-01  2.1349e-01  1.7881e-07  1.0729e-04
  9080  7.8650e-01  2.1350e-01  0.0000e+00  1.0729e-04
  9100  7.8650e-01  2.1350e-01  1.7881e-07  1.0729e-04
  9120  7.8650e-01  2.1350e-01  0.0000e+00  1.0729e-04
  9140  7.8650e-01  2.1350e-01  3.5763e-07  1.0729e-04
  9160  7.8649e-01  2.1351e-01  1.7881e-07  1.0729e-04
  9180  7.8649e-01  2.1351e-01  2.3842e-07  1.0729e-04
  9200  7.8649e-01  2.1351e-01  0.0000e+00  1.0729e-04
  9220  7.8649e-01  2.1351e-01  5.9605e-08  1.0729e-04
  9240  7.8649e-01  2.1351e-01  1.1921e-07  1.0729e-04
  9260  7.8649e-01  2.1351e-01  1.1921e-07  1.0729e-04
  9280  7.8649e-01  2.1351e-01  0.0000e+00  1.0729e-04
  9300  7.8649e-01  2.1351e-01  3.7551e-06  1.0729e-04
  9320  7.8649e-01  2.1351e-01  5.9605e-08  1.0729e-04
  9340  7.8648e-01  2.1352e-01  1.7881e-07  1.0729e-04
  9360  7.8648e-01  2.1352e-01  0.0000e+00  1.0729e-04
  9380  7.8648e-01  2.1352e-01  1.7881e-07  1.0765e-04
  9400  7.8648e-01  2.1352e-01  2.3842e-07  1.0765e-04
  9420  7.8647e-01  2.1353e-01  4.1723e-07  1.0884e-04
  9440  7.8647e-01  2.1353e-01  2.3842e-07  1.1003e-04
  9460  7.8647e-01  2.1353e-01  1.7881e-07  1.1122e-04
  9480  7.8646e-01  2.1354e-01  5.9605e-08  1.1241e-04
  9500  7.8646e-01  2.1354e-01  1.3709e-06  1.1361e-04
  9520  7.8646e-01  2.1354e-01  5.3644e-07  1.1480e-04
  9540  7.8646e-01  2.1354e-01  1.7881e-06  1.1498e-04
  9560  7.8646e-01  2.1354e-01  0.0000e+00  1.1498e-04
  9580  7.8645e-01  2.1355e-01  5.9605e-08  1.1498e-04
  9600  7.8645e-01  2.1355e-01  0.0000e+00  1.1498e-04
  9620  7.8645e-01  2.1355e-01  0.0000e+00  1.1587e-04
  9640  7.8645e-01  2.1355e-01  5.9605e-08  1.1706e-04
  9660  7.8645e-01  2.1355e-01  2.3842e-07  1.1826e-04
  9680  7.8645e-01  2.1355e-01  3.5763e-07  1.1945e-04
  9700  7.8645e-01  2.1355e-01  0.0000e+00  1.2064e-04
  9720  7.8644e-01  2.1356e-01  1.1921e-07  1.2100e-04
  9740  7.8644e-01  2.1356e-01  0.0000e+00  1.2100e-04
  9760  7.8644e-01  2.1356e-01  1.0133e-06  1.2100e-04
  9780  7.8644e-01  2.1356e-01  2.3842e-07  1.2100e-04
  9800  7.8644e-01  2.1356e-01  2.9802e-07  1.2100e-04
  9820  7.8642e-01  2.1358e-01  0.0000e+00  1.2100e-04
  9840  7.8642e-01  2.1358e-01  0.0000e+00  1.2100e-04
  9860  7.8642e-01  2.1358e-01  1.7881e-07  1.2100e-04
  9880  7.8642e-01  2.1358e-01  0.0000e+00  1.2100e-04
  9900  7.8642e-01  2.1358e-01  2.9802e-07  1.2100e-04
  9920  7.8642e-01  2.1358e-01  5.9605e-08  1.2100e-04
  9940  7.8642e-01  2.1358e-01  0.0000e+00  1.2100e-04
  9960  7.8641e-01  2.1359e-01  0.0000e+00  1.2100e-04
  9980  7.8641e-01  2.1359e-01  0.0000e+00  1.2100e-04
 10000  7.8641e-01  2.1359e-01  1.1921e-07  1.2100e-04
 10020  7.8641e-01  2.1359e-01  0.0000e+00  1.2100e-04
 10040  7.8641e-01  2.1359e-01  3.3975e-06  1.2100e-04
 10060  7.8641e-01  2.1359e-01  1.1921e-07  1.2100e-04
 10080  7.8641e-01  2.1359e-01  5.9605e-08  1.2100e-04
 10100  7.8641e-01  2.1359e-01  2.3842e-07  1.2100e-04
 10120  7.8640e-01  2.1360e-01  0.0000e+00  1.2100e-04
 10140  7.8640e-01  2.1360e-01  5.9605e-08  1.2100e-04
 10160  7.8640e-01  2.1360e-01  2.9802e-07  1.2100e-04
 10180  7.8640e-01  2.1360e-01  5.9605e-08  1.2100e-04
 10200  7.8639e-01  2.1361e-01  5.9605e-08  1.2100e-04
 10220  7.8639e-01  2.1361e-01  5.3644e-07  1.2100e-04
 10240  7.8639e-01  2.1361e-01  1.1921e-07  1.2100e-04
 10260  7.8638e-01  2.1362e-01  0.0000e+00  1.2100e-04
 10280  7.8638e-01  2.1362e-01  5.9605e-08  1.2100e-04
 10300  7.8638e-01  2.1362e-01  0.0000e+00  1.2100e-04
 10320  7.8638e-01  2.1362e-01  2.8014e-06  1.2100e-04
 10340  7.8638e-01  2.1362e-01  0.0000e+00  1.2100e-04
 10360  7.8638e-01  2.1362e-01  1.1921e-07  1.2100e-04
 10380  7.8637e-01  2.1363e-01  1.7881e-07  1.2100e-04
 10400  7.8637e-01  2.1363e-01  0.0000e+00  1.2100e-04
 10420  7.8637e-01  2.1363e-01  0.0000e+00  1.2100e-04
 10440  7.8637e-01  2.1363e-01  5.3644e-07  1.2100e-04
 10460  7.8637e-01  2.1363e-01  0.0000e+00  1.2100e-04
 10480  7.8636e-01  2.1364e-01  5.9605e-08  1.2100e-04
 10500  7.8636e-01  2.1364e-01  0.0000e+00  1.2100e-04
 10520  7.8636e-01  2.1364e-01  1.7881e-07  1.2100e-04
 10540  7.8636e-01  2.1364e-01  0.0000e+00  1.2100e-04
 10560  7.8636e-01  2.1364e-01  2.3842e-07  1.2100e-04
 10580  7.8635e-01  2.1365e-01  0.0000e+00  1.2100e-04
 10600  7.8635e-01  2.1365e-01  5.9605e-08  1.2100e-04
 10620  7.8635e-01  2.1365e-01  1.7881e-07  1.2100e-04
 10640  7.8635e-01  2.1365e-01  5.9605e-08  1.2100e-04
 10660  7.8635e-01  2.1365e-01  0.0000e+00  1.2100e-04
 10680  7.8635e-01  2.1365e-01  1.1921e-07  1.2100e-04
 10700  7.8635e-01  2.1365e-01  5.9605e-08  1.2100e-04
 10720  7.8635e-01  2.1365e-01  1.1921e-07  1.2100e-04
 10740  7.8634e-01  2.1366e-01  2.3842e-07  1.2100e-04
 10760  7.8634e-01  2.1366e-01  0.0000e+00  1.2100e-04
 10780  7.8634e-01  2.1366e-01  5.9605e-08  1.2100e-04
 10800  7.8634e-01  2.1366e-01  2.9802e-07  1.2100e-04
 10820  7.8634e-01  2.1366e-01  1.1921e-07  1.2052e-04
 10840  7.8634e-01  2.1366e-01  0.0000e+00  1.1933e-04
 10860  7.8633e-01  2.1367e-01  0.0000e+00  1.1814e-04
 10880  7.8633e-01  2.1367e-01  1.1921e-07  1.1694e-04
 10900  7.8633e-01  2.1367e-01  0.0000e+00  1.1575e-04
 10920  7.8633e-01  2.1367e-01  3.5763e-07  1.1456e-04
 10940  7.8633e-01  2.1367e-01  2.3842e-07  1.1337e-04
 10960  7.8633e-01  2.1367e-01  1.6093e-06  1.1218e-04
 10980  7.8633e-01  2.1367e-01  1.1921e-07  1.1098e-04
 11000  7.8632e-01  2.1368e-01  5.9605e-08  1.0979e-04
 11020  7.8632e-01  2.1368e-01  2.9802e-07  1.0860e-04
 11040  7.8632e-01  2.1368e-01  0.0000e+00  1.0741e-04
 11060  7.8632e-01  2.1368e-01  8.3447e-07  1.0622e-04
 11080  7.8632e-01  2.1368e-01  1.1921e-07  1.0532e-04
 11100  7.8632e-01  2.1368e-01  0.0000e+00  1.0419e-04
 11120  7.8632e-01  2.1368e-01  1.1921e-07  1.0341e-04
 11140  7.8631e-01  2.1369e-01  0.0000e+00  1.0252e-04
 11160  7.8630e-01  2.1370e-01  5.9605e-08  1.0252e-04
 11180  7.8630e-01  2.1370e-01  5.9605e-08  1.0252e-04
 11200  7.8630e-01  2.1370e-01  2.9802e-07  1.0252e-04
 11220  7.8630e-01  2.1370e-01  5.9605e-08  1.0252e-04
 11240  7.8630e-01  2.1370e-01  0.0000e+00  1.0252e-04
 11260  7.8629e-01  2.1371e-01  1.7881e-07  1.0252e-04
 11280  7.8629e-01  2.1371e-01  2.3842e-07  1.0252e-04
 11300  7.8628e-01  2.1372e-01  1.1921e-07  1.0252e-04
 11320  7.8628e-01  2.1372e-01  0.0000e+00  1.0252e-04
 11340  7.8628e-01  2.1372e-01  2.3842e-07  1.0252e-04
 11360  7.8627e-01  2.1373e-01  5.9605e-08  1.0252e-04
 11380  7.8626e-01  2.1374e-01  1.7881e-07  1.0252e-04
 11400  7.8626e-01  2.1374e-01  0.0000e+00  1.0252e-04
 11420  7.8626e-01  2.1374e-01  1.1921e-07  1.0252e-04
 11440  7.8626e-01  2.1374e-01  0.0000e+00  1.0252e-04
 11460  7.8626e-01  2.1374e-01  6.5565e-07  1.0252e-04
 11480  7.8626e-01  2.1374e-01  5.9605e-08  1.0252e-04
 11500  7.8626e-01  2.1374e-01  1.7881e-07  1.0252e-04
 11520  7.8625e-01  2.1375e-01  2.9802e-07  1.0252e-04
 11540  7.8625e-01  2.1375e-01  2.3842e-07  1.0252e-04
 11560  7.8625e-01  2.1375e-01  0.0000e+00  1.0252e-04
 11580  7.8624e-01  2.1376e-01  1.1921e-07  1.0252e-04
 11600  7.8624e-01  2.1376e-01  0.0000e+00  1.0252e-04
 11620  7.8624e-01  2.1376e-01  1.1921e-07  1.0252e-04
 11640  7.8624e-01  2.1376e-01  1.1921e-07  1.0252e-04
 11660  7.8624e-01  2.1376e-01  0.0000e+00  1.0252e-04
 11680  7.8624e-01  2.1376e-01  0.0000e+00  1.0252e-04
 11700  7.8624e-01  2.1376e-01  1.1921e-07  1.0252e-04
 11720  7.8624e-01  2.1376e-01  1.1921e-07  1.0252e-04
 11740  7.8623e-01  2.1377e-01  1.1921e-07  1.0252e-04
 11760  7.8623e-01  2.1377e-01  5.9605e-08  1.0252e-04
 11780  7.8623e-01  2.1377e-01  1.1921e-07  1.0252e-04
 11800  7.8623e-01  2.1377e-01  5.9605e-08  1.0252e-04
 11820  7.8623e-01  2.1377e-01  1.1921e-07  1.0300e-04
 11840  7.8623e-01  2.1377e-01  1.1921e-07  1.0419e-04
 11860  7.8622e-01  2.1378e-01  8.9407e-07  1.0538e-04
 11880  7.8622e-01  2.1378e-01  0.0000e+00  1.0657e-04
 11900  7.8622e-01  2.1378e-01  4.1723e-07  1.0777e-04
 11920  7.8622e-01  2.1378e-01  1.1921e-07  1.0896e-04
 11940  7.8622e-01  2.1378e-01  1.1921e-07  1.1015e-04
 11960  7.8622e-01  2.1378e-01  1.7881e-07  1.1134e-04
 11980  7.8621e-01  2.1379e-01  1.7881e-07  1.1253e-04
 12000  7.8621e-01  2.1379e-01  1.1921e-07  1.1373e-04
 12020  7.8621e-01  2.1379e-01  0.0000e+00  1.1492e-04
 12040  7.8621e-01  2.1379e-01  2.9802e-07  1.1611e-04
 12060  7.8621e-01  2.1379e-01  5.9605e-08  1.1730e-04
 12080  7.8621e-01  2.1379e-01  1.7881e-07  1.1820e-04
 12100  7.8620e-01  2.1380e-01  0.0000e+00  1.1933e-04
 12120  7.8620e-01  2.1380e-01  0.0000e+00  1.2010e-04
 12140  7.8619e-01  2.1381e-01  3.5763e-07  1.2100e-04
 12160  7.8619e-01  2.1381e-01  5.9605e-08  1.2100e-04
 12180  7.8619e-01  2.1381e-01  0.0000e+00  1.2100e-04
 12200  7.8619e-01  2.1381e-01  1.7881e-07  1.2100e-04
 12220  7.8619e-01  2.1381e-01  1.1921e-07  1.2100e-04
 12240  7.8619e-01  2.1381e-01  0.0000e+00  1.2100e-04
 12260  7.8619e-01  2.1381e-01  0.0000e+00  1.2100e-04
 12280  7.8618e-01  2.1382e-01  5.9605e-08  1.2100e-04
 12300  7.8618e-01  2.1382e-01  2.3842e-07  1.2100e-04
 12320  7.8618e-01  2.1382e-01  0.0000e+00  1.2100e-04
 12340  7.8618e-01  2.1382e-01  2.3842e-07  1.2100e-04
 12360  7.8618e-01  2.1382e-01  1.1921e-07  1.2070e-04
 12380  7.8617e-01  2.1383e-01  0.0000e+00  1.2058e-04
 12400  7.8617e-01  2.1383e-01  5.9605e-08  1.1981e-04
 12420  7.8617e-01  2.1383e-01  0.0000e+00  1.1897e-04
 12440  7.8617e-01  2.1383e-01  0.0000e+00  1.1897e-04
 12460  7.8617e-01  2.1383e-01  1.1921e-07  1.1897e-04
 12480  7.8616e-01  2.1384e-01  0.0000e+00  1.1897e-04
 12500  7.8616e-01  2.1384e-01  2.1458e-06  1.1897e-04
 12520  7.8616e-01  2.1384e-01  5.9605e-08  1.1820e-04
 12540  7.8616e-01  2.1384e-01  1.1921e-07  1.1700e-04
 12560  7.8616e-01  2.1384e-01  1.1921e-07  1.1581e-04
 12580  7.8616e-01  2.1384e-01  0.0000e+00  1.1462e-04
 12600  7.8616e-01  2.1384e-01  0.0000e+00  1.1343e-04
 12620  7.8616e-01  2.1384e-01  2.3842e-07  1.1224e-04
 12640  7.8616e-01  2.1384e-01  5.9605e-08  1.1104e-04
 12660  7.8616e-01  2.1384e-01  8.9407e-07  1.0985e-04
 12680  7.8616e-01  2.1384e-01  5.9605e-08  1.0866e-04
 12700  7.8615e-01  2.1385e-01  0.0000e+00  1.0747e-04
 12720  7.8615e-01  2.1385e-01  1.1921e-07  1.0628e-04
 12740  7.8615e-01  2.1385e-01  0.0000e+00  1.0508e-04
 12760  7.8615e-01  2.1385e-01  1.1921e-07  1.0389e-04
 12780  7.8615e-01  2.1385e-01  1.1921e-07  1.0270e-04
 12800  7.8615e-01  2.1385e-01  1.1921e-07  1.0151e-04
 12820  7.8615e-01  2.1385e-01  5.9605e-08  1.0031e-04
 12825  7.8615e-01  0.0000e+00  2.1385e-01  1.1921e-06  9.9957e-05
# Std.corr:  FIRST=   0.20299548   LAST=   0.21385357  TIME=    641 s
